Time,swd_1,swu_1,lwd_1,lwu_1,batt_v_0,t_0,rh_0,p_0,swd_0,swu_0,lwd_0,lwu_0,SHF,LHF,Tc1,wspd_0,Tc2,wdir_0,batt_v_1,rh_1,rh_2,rh_3,rh_4,rh_5,t_1,t_2,t_3,t_4,t_5,wspd_1,wdir_1
2023-09-22 10:00:00,357.1503,82.9991,340.6182,394.1166,4.5075,15.46,77.31,1001.8,332.2,77.7,356.85,409.15,46.3848,173.25,-999,1.454,-999,179.85,12.9783,74.4961,74.7612,73.0722,73.8642,74.226,15.2706,15.1284,15.5552,14.7117,15.174,1.2986,60.518
2023-09-22 11:00:00,572.5756,143.9354,336.6604,406.8087,5.224,16.96,72.105,1001.85,545.95,138.65,354.55,422.8,77.8602,246.125,-999,1.3525,-999,183.3,13.428,68.7225,68.9122,66.9128,68.039,68.4135,16.5876,16.4465,17.0086,16.039,16.4685,1.3786,69.074
2023-09-22 12:00:00,418.9475,102.2832,335.717,401.3128,5.2325,17.315,68.13,1002.45,400.2,101.4,354.0,418.6,53.5634,224.125,-999,1.255,-999,184.65,13.4902,63.5516,63.6444,61.5452,62.8246,63.2815,17.0774,16.9322,17.6127,16.5292,16.9682,1.2252,61.7534
2023-09-22 13:00:00,257.8571,62.1501,351.6094,396.217,5.232,17.075,69.555,1002.7,248.55,63.6,368.45,412.6,18.7748,118.25,-999,0.864,-999,193.4,13.3213,64.8482,64.913,63.1714,64.161,64.516,16.8834,16.772,17.3146,16.33,16.8104,0.8604,88.3043
2023-09-22 14:00:00,171.676,42.0122,352.113,390.4824,5.2385,16.53,71.045,1003.05,167.35,44.1,368.5,406.6,9.3874,92.125,-999,0.8945,-999,235.3,13.066,66.3078,66.368,64.6914,65.6086,65.9095,16.4752,16.3553,16.8468,15.9158,16.4077,0.8623,135.7154
2023-09-22 15:00:00,159.8519,39.4128,356.3986,389.37,5.2475,16.175,72.255,1003.35,155.55,41.75,372.8,405.05,4.4176,90.75,-999,0.801,-999,198.6,13.067,68.0266,68.1088,66.3,67.4025,67.6694,16.11,15.9972,16.4932,15.5308,16.0314,0.7676,82.1456
2023-09-22 16:00:00,56.423,14.6483,350.5386,381.5504,5.2535,15.185,79.58,1003.5,56.45,17.6,365.95,396.5,-5.522,35.75,-999,0.468,-999,147.9,12.7657,76.8068,76.9575,75.4682,76.2684,76.3727,15.1942,15.1032,15.4512,14.6165,15.1524,0.4326,11.9879
2023-09-22 17:00:00,18.5858,5.7062,349.7579,377.2098,5.239,14.625,82.295,1003.65,20.1,8.7,364.75,391.7,-4.4176,13.75,-999,0.2035,-999,147.55,12.6254,79.5018,79.6926,78.3242,78.9605,79.0125,14.7198,14.6345,14.9318,14.1588,14.7048,0.2022,20.612
2023-09-22 18:00:00,-1.2529,1.6281,358.2972,374.6532,5.1965,13.89,88.08,1004.2,1.4,4.85,375.75,388.6,-3.3132,41.25,-999,0.097,-999,139.75,12.5098,86.5938,86.8766,85.3592,86.1642,86.2648,14.0222,13.9378,14.1773,13.4568,13.9755,0.0894,4.7196
2023-09-22 19:00:00,-1.1922,1.8802,362.6244,373.4432,5.16,13.42,91.005,1004.9,1.35,5.1,377.7,387.15,-5.522,13.75,-999,0.5415,-999,237.7,12.4248,90.1166,90.3284,89.4217,89.7716,89.675,13.561,13.4775,13.6498,12.9808,13.5062,0.5398,130.5789
2023-09-22 20:00:00,-1.396,2.0624,359.6102,369.462,5.124,12.645,89.59,1005.85,1.25,5.5,372.8,382.8,-5.522,39.875,-999,0.6325,-999,242.05,12.3516,88.1233,88.3217,87.535,87.7984,87.5566,12.7593,12.6858,12.8215,12.1706,12.723,0.686,131.917
2023-09-22 21:00:00,-1.0512,1.6838,360.3358,368.4222,5.095,12.335,92.145,1006.25,1.4,4.85,370.9,381.55,-2.761,86.625,-999,0.4545,-999,241.0,12.2844,91.4816,91.815,90.865,91.2034,90.9884,12.4349,12.3381,12.485,11.841,12.3933,0.5023,123.0951
2023-09-22 22:00:00,-1.1582,1.6528,358.5926,363.6879,5.0625,11.765,94.245,1006.5,1.15,4.7,362.05,376.55,-3.8654,15.125,-999,0.3155,-999,195.5,12.2204,94.3067,94.6734,93.42,94.0416,93.8783,11.83,11.7404,11.9288,11.2474,11.797,0.2599,67.5302
2023-09-22 23:00:00,-1.1338,2.149,357.8558,363.0071,5.0315,11.575,93.05,1007.05,1.35,5.35,361.85,375.7,-11.044,16.5,-999,0.413,-999,179.15,12.1572,91.9717,92.0333,91.9833,91.4983,91.2084,11.6722,11.6278,11.6592,11.1136,11.6824,0.4213,77.101
2023-09-23 00:00:00,-0.9478,2.1752,359.7123,364.4202,4.9955,11.87,90.795,1007.65,1.65,5.45,366.75,377.3,-9.3874,83.875,-999,0.5565,-999,208.25,12.0943,89.16,89.45,89.2984,88.7834,88.5966,11.9556,11.8704,11.9115,11.3818,11.942,0.543,97.1769
2023-09-23 01:00:00,-0.6288,1.1928,359.4226,364.301,4.963,11.565,94.795,1007.85,1.55,4.1,366.7,377.0,-5.522,-24.75,-999,0.418,-999,169.95,12.043,95.5866,96.2383,94.4484,95.4816,95.285,11.5516,11.4462,11.6442,10.9517,11.5103,0.3432,47.8
2023-09-23 02:00:00,-0.7368,1.4108,358.9392,363.4358,4.9325,11.475,95.6,1008.25,1.4,4.25,364.85,376.05,-7.1786,-24.75,-999,0.5455,-999,162.6,12.0038,96.28,96.6816,95.9084,96.0117,95.7967,11.5188,11.4544,11.5466,10.9538,11.5133,0.5491,23.2704
2023-09-23 03:00:00,-0.9588,1.4938,358.5314,362.064,4.9015,11.5,95.73,1008.7,1.25,4.5,362.35,374.7,-11.044,17.875,-999,0.4545,-999,173.4,11.9753,96.5,96.905,96.22,96.22,95.9184,11.5388,11.458,11.5318,10.9764,11.5386,0.4834,47.7436
2023-09-23 04:00:00,-1.5308,1.9053,356.0178,358.7221,4.865,11.525,95.64,1009.15,0.85,5.15,360.05,372.0,-7.7308,-4.125,-999,0.391,-999,163.0,11.952,96.1433,96.5216,95.9716,95.9,95.48,11.6147,11.547,11.6072,11.0384,11.622,0.4072,37.8884
2023-09-23 05:00:00,-0.1454,1.5172,359.7879,362.1176,4.8365,11.695,95.76,1009.9,2.1,4.45,368.8,374.85,-4.9698,6.875,-999,0.5075,-999,169.05,11.9375,96.455,96.82,96.505,96.1567,95.7667,11.7844,11.7175,11.732,11.2008,11.7805,0.526,37.6098
2023-09-23 06:00:00,22.9496,8.348,358.6078,361.573,4.852,11.63,95.33,1010.75,25.85,11.45,364.95,374.35,-7.1786,9.625,-999,0.6315,-999,179.95,11.9332,95.81,96.0534,95.71,95.4234,95.0516,11.6918,11.6195,11.7238,11.1286,11.6934,0.5925,55.7558
2023-09-23 07:00:00,81.893,26.924,365.8517,370.5544,5.1335,12.54,93.415,1011.6,83.15,29.85,372.8,382.6,2.761,30.25,-999,0.6985,-999,174.15,12.0556,93.5784,93.9066,93.385,93.09,92.7117,12.4442,12.3735,12.5078,11.8905,12.443,0.7699,46.7612
2023-09-23 08:00:00,199.2298,53.9376,374.7133,379.9896,5.2365,13.815,90.67,1012.75,196.1,56.9,375.7,394.1,18.2226,60.5,-999,0.783,-999,186.4,12.5916,90.825,91.4,89.4866,90.36,90.2066,13.5186,13.4063,13.8045,12.975,13.4735,0.7382,53.3978
2023-09-23 09:00:00,241.5527,62.9136,381.5671,387.4356,5.234,14.465,89.38,1013.65,236.5,64.85,380.05,401.8,22.6402,46.75,-999,0.9285,-999,189.3,13.0628,88.8633,89.345,86.9667,88.4284,88.27,14.234,14.1298,14.5868,13.6843,14.1953,0.953,58.6342
2023-09-23 10:00:00,101.0776,25.8948,376.0738,382.2202,5.2445,14.49,91.925,1014.4,103.05,29.1,386.7,396.55,8.8352,497.75,-999,0.7925,-999,224.35,12.7147,92.4584,92.8567,90.495,92.2716,92.1816,14.3346,14.2318,14.657,13.7638,14.2825,0.754,126.3788
2023-09-23 11:00:00,456.0115,115.558,375.2019,405.2688,5.234,16.29,84.935,1015.2,451.45,117.8,387.65,419.95,83.9344,277.75,-999,0.905,-999,233.1,13.6998,84.8776,86.3164,82.772,84.45,84.558,15.697,15.4612,16.1005,15.1568,15.6345,0.9177,122.717
2023-09-23 12:00:00,472.4524,118.5937,367.5652,406.6341,5.227,17.225,77.855,1015.85,458.95,119.95,369.2,423.4,42.5194,207.625,-999,1.2235,-999,244.55,13.4985,75.1692,76.3805,72.6745,74.737,74.7147,16.8357,16.5787,17.4104,16.3013,16.7692,1.2234,133.589
2023-09-23 13:00:00,511.7172,127.4437,358.5047,409.8922,5.2335,17.855,72.355,1016.6,489.7,129.35,372.45,427.3,61.2942,262.625,-999,1.2535,-999,239.4,13.5553,68.7732,69.25,66.9576,68.2615,68.1382,17.4188,17.2332,17.8568,16.8835,17.384,1.2856,135.9673
2023-09-23 14:00:00,235.8199,56.4836,359.646,396.4978,5.237,16.865,75.645,1017.45,228.15,58.2,376.6,413.35,22.088,143.0,-999,1.301,-999,244.15,13.2476,71.6914,72.0127,69.7585,71.1073,71.2585,16.7728,16.627,17.2445,16.2308,16.706,1.2754,130.6442
2023-09-23 15:00:00,129.4535,32.5436,362.0498,390.352,5.251,16.235,79.7,1017.95,127.05,34.8,377.95,406.15,8.283,83.875,-999,0.907,-999,241.95,12.9778,76.5343,76.789,75.2244,75.983,76.0312,16.158,16.0378,16.4142,15.5902,16.0995,0.8716,129.1416
2023-09-23 16:00:00,73.1992,17.8924,327.1773,381.2344,5.2525,16.0,81.75,1018.75,72.1,21.45,343.95,397.0,0.5522,46.75,-999,0.6955,-999,244.5,12.8174,79.1377,79.3869,77.8029,78.6462,78.601,15.9334,15.8462,16.1773,15.3565,15.885,0.6448,127.187
2023-09-23 17:00:00,24.3797,6.6666,324.7757,374.1356,5.2475,15.4,81.965,1019.45,25.95,10.2,340.85,389.25,-14.9094,31.625,-999,0.667,-999,240.65,12.6593,78.2478,78.3772,77.4375,77.7538,77.7225,15.5646,15.4974,15.6954,14.9855,15.5342,0.6318,125.1156
2023-09-23 18:00:00,0.3923,1.159,356.491,375.3866,5.211,14.79,84.13,1020.2,2.75,4.25,371.5,389.8,-5.522,22.0,-999,0.5115,-999,240.55,12.552,80.6096,80.7757,80.2712,80.1129,80.046,14.9972,14.9232,15.0375,14.4324,14.9924,0.5286,123.5002
2023-09-23 19:00:00,-1.8662,0.8148,333.5582,367.5906,5.1705,13.81,88.525,1021.0,0.85,4.2,348.35,381.95,-4.9698,9.625,-999,0.093,-999,191.8,12.4759,86.18,86.5984,84.756,85.804,85.626,14.0738,13.9788,14.2713,13.502,14.0445,0.1294,66.8697
2023-09-23 20:00:00,-0.976,1.7172,328.7014,364.3106,5.1405,13.065,91.655,1021.8,1.55,4.95,343.65,378.15,-2.2088,2.75,-999,0.096,-999,144.4,12.4075,89.3284,89.65,89.3016,88.8484,88.6634,13.3982,13.3096,13.368,12.8479,13.3856,0.1206,9.0096
2023-09-23 21:00:00,-1.6168,2.0713,314.9607,352.3524,5.11,11.64,95.35,1022.3,1.3,5.95,335.55,366.6,-0.5522,-2.75,-999,0.064,-999,157.9,12.3464,96.1416,97.1183,94.4633,96.2817,96.0667,12.0162,11.885,12.0755,11.3983,11.9254,0.0656,17.158
2023-09-23 22:00:00,-1.084,2.532,332.7074,354.535,5.0805,11.345,96.475,1022.8,1.45,6.1,348.25,367.4,-7.7308,-2.75,-999,0.145,-999,127.65,12.2878,95.7234,96.0034,96.7267,95.3616,95.1983,11.7385,11.6822,11.5584,11.1996,11.747,0.1452,11.2396
2023-09-23 23:00:00,-1.4719,2.153,335.3121,354.6894,5.0485,11.065,96.34,1022.95,0.9,5.55,350.8,367.3,-10.4918,-6.875,-999,0.2675,-999,127.0,12.231,95.14,95.4633,95.4484,94.77,94.4283,11.4135,11.345,11.3452,10.858,11.4357,0.2622,184.7068
2023-09-24 00:00:00,-1.6378,2.0506,334.2406,352.226,5.017,10.53,96.65,1023.2,0.9,5.55,350.45,364.5,-6.6264,-6.875,-999,0.34,-999,112.05,12.1755,96.32,96.85,96.0683,96.0917,95.7617,10.7838,10.696,10.796,10.2245,10.7818,0.2694,350.3708
2023-09-24 01:00:00,-1.5602,2.0291,333.8708,351.5354,4.984,10.285,96.665,1023.35,0.8,5.4,350.55,363.9,-8.283,-5.5,-999,0.506,-999,125.75,12.121,95.9367,96.1734,96.31,95.57,95.2934,10.5625,10.5073,10.5068,10.0073,10.5622,0.4032,3.3682
2023-09-24 02:00:00,-1.7287,2.2387,330.6166,347.2648,4.9485,9.585,96.945,1023.45,0.8,5.7,347.1,359.25,-4.9698,-2.75,-999,0.24,-999,137.55,12.063,96.3683,96.9466,96.2484,96.2766,95.9316,9.9417,9.847,9.8866,9.3492,9.9002,0.209,18.0788
2023-09-24 03:00:00,-1.6629,2.2941,329.9611,345.9922,4.9175,9.14,97.03,1023.65,0.85,5.7,346.3,357.75,-8.283,-1.375,-999,0.3595,-999,119.6,12.0144,96.5516,96.9633,96.8616,96.39,96.04,9.4646,9.3798,9.3718,8.8792,9.4426,0.2833,180.2281
2023-09-24 04:00:00,-1.6605,2.1808,329.1688,344.2464,4.8885,8.735,96.95,1024.15,0.85,5.5,345.35,355.75,-8.283,-4.125,-999,0.357,-999,122.9,11.9748,96.2383,96.53,96.6034,95.97,95.6334,9.0518,8.9895,8.9878,8.4886,9.0564,0.2702,354.85
2023-09-24 05:00:00,-0.4414,2.558,329.4174,343.1288,4.857,8.485,96.955,1024.35,2.2,5.9,345.4,354.5,-6.0742,-1.375,-999,0.2505,-999,110.3,11.9435,96.29,96.6667,96.5516,96.0216,95.645,8.8144,8.7358,8.7527,8.2552,8.8212,0.1802,350.9466
2023-09-24 06:00:00,26.9556,11.3424,332.0033,346.5398,4.9005,8.83,96.375,1024.75,30.6,14.2,348.1,357.8,-10.4918,-1.375,-999,0.5785,-999,131.2,11.9253,95.5767,95.73,96.4266,95.1384,94.8716,9.0468,8.994,8.9145,8.4902,9.0538,0.4636,2.4888
2023-09-24 07:00:00,111.644,44.2198,336.8216,355.6971,5.145,10.535,91.195,1025.5,67.35,39.95,352.05,365.7,-6.0742,13.75,-999,0.688,-999,123.0,12.0422,90.6416,90.7483,91.0733,89.9384,89.7,10.1948,10.1602,10.2598,9.6923,10.2318,0.6024,357.8396
2023-09-24 08:00:00,305.918,94.4252,320.3656,378.2433,5.218,14.23,80.0,1025.85,334.55,95.75,361.45,387.0,20.4314,88.0,-999,0.75,-999,147.1,13.2917,80.2904,80.7607,78.5043,79.7176,79.9764,13.1074,12.9875,13.7856,12.578,13.041,0.6562,16.1695
2023-09-24 09:00:00,444.7711,113.1597,302.1108,394.3947,5.2195,16.32,73.36,1026.15,442.8,117.7,327.65,409.6,36.9974,145.75,-999,1.056,-999,168.65,13.5714,71.0363,71.4057,67.2772,70.4433,70.8775,15.545,15.3922,16.5348,14.9886,15.4252,0.8918,43.9468
2023-09-24 10:00:00,548.217,134.9446,308.3592,405.445,5.22,17.825,69.61,1025.65,534.25,135.95,328.55,422.95,61.2942,210.375,-999,1.081,-999,161.25,13.2908,66.1008,66.3098,63.4746,65.4826,65.9015,17.1314,16.9933,17.8164,16.5922,17.0052,1.0034,34.096
2023-09-24 11:00:00,514.0858,127.6728,323.1088,407.4219,5.2265,18.605,64.085,1025.55,496.55,125.6,343.6,425.95,45.2804,198.0,-999,1.1135,-999,176.6,13.3638,59.1767,59.256,56.8288,58.4973,58.9746,18.1765,18.0338,18.8495,17.6322,18.0655,1.0846,54.4226
2023-09-24 12:00:00,600.9936,150.3085,317.812,411.0102,5.221,19.285,61.735,1025.3,571.4,149.5,338.1,429.4,56.3244,273.625,-999,1.332,-999,169.4,13.4906,56.1855,56.1972,54.5946,55.5015,55.9468,18.719,18.5787,19.2096,18.1713,18.627,1.3156,42.4933
2023-09-24 13:00:00,548.0362,134.6732,317.84,411.8194,5.228,19.9,59.74,1024.85,522.95,139.5,338.35,430.8,41.415,250.25,-999,1.26,-999,171.0,13.5218,54.1098,54.0811,52.2868,53.4138,53.8043,19.3498,19.201,19.9235,18.7884,19.2494,1.1589,37.9722
2023-09-24 14:00:00,458.1532,113.6226,318.6018,408.4212,5.2285,19.955,59.83,1024.35,438.05,122.25,339.25,427.95,25.4012,224.125,-999,1.1795,-999,159.65,13.5568,53.2558,53.3188,51.0285,52.6044,53.0092,19.7395,19.5634,20.4578,19.1722,19.6073,1.1349,27.6821
2023-09-24 15:00:00,331.5982,78.742,317.4799,400.3944,5.247,20.13,58.675,1023.75,310.45,88.3,338.0,419.75,-2.761,158.125,-999,1.12,-999,154.0,13.4936,52.6676,52.6153,50.1103,52.0085,52.3794,19.6762,19.5252,20.532,19.1044,19.566,1.0559,28.139
2023-09-24 16:00:00,47.6506,7.9144,313.835,379.1131,5.2605,18.75,61.48,1023.65,43.1,12.95,332.6,396.65,-28.7144,67.375,-999,0.928,-999,152.2,12.8113,54.2554,54.0916,52.9835,53.5314,53.902,18.8526,18.763,19.2196,18.2902,18.8103,0.8738,25.764
2023-09-24 17:00:00,16.7216,4.1474,310.1811,369.2102,5.2385,16.985,68.08,1023.3,18.9,8.2,327.35,385.25,-33.132,49.5,-999,0.501,-999,143.95,12.6895,60.555,60.4062,59.9544,59.8878,60.2014,17.4263,17.3478,17.5382,16.8654,17.379,0.461,22.3184
2023-09-24 18:00:00,-0.7982,2.2772,307.742,360.2064,5.193,15.02,76.565,1023.25,2.05,6.1,323.7,375.2,-24.2968,19.25,-999,0.3185,-999,137.6,12.5995,70.2102,70.1378,69.9793,69.6694,69.8355,15.659,15.5935,15.629,15.0737,15.6144,0.2645,15.5146
2023-09-24 19:00:00,-0.5714,2.7169,311.701,357.726,5.1575,13.815,82.32,1023.05,2.1,6.15,327.1,371.95,-27.61,17.875,-999,0.199,-999,124.8,12.5348,76.0737,76.0649,77.204,75.5388,75.6535,14.5672,14.5102,14.2658,14.011,14.5584,0.1562,181.4586
2023-09-24 20:00:00,-0.6502,2.9539,306.8642,360.4195,5.1205,14.155,80.445,1022.9,1.6,6.15,322.35,374.75,-30.371,19.25,-999,0.6085,-999,136.3,12.4792,75.2186,75.2812,75.5965,74.7118,74.749,14.6,14.5332,14.4772,14.0387,14.6022,0.5756,6.8588
2023-09-24 21:00:00,-1.0345,2.668,303.0742,359.1104,5.094,13.615,81.65,1022.5,1.35,6.05,318.5,373.3,-25.4012,16.5,-999,0.8195,-999,135.85,12.4281,77.3668,77.4623,77.4795,76.9055,76.9205,13.9502,13.8836,13.901,13.374,13.9308,0.699,6.8468
2023-09-24 22:00:00,-1.3706,2.3653,301.9298,357.5436,5.0565,13.145,82.385,1022.25,1.1,5.7,317.3,371.65,-22.088,13.75,-999,0.7465,-999,137.9,12.3866,78.3442,78.485,78.224,77.9213,77.9315,13.4676,13.4004,13.4714,12.9055,13.437,0.7018,14.5823
2023-09-24 23:00:00,-1.109,2.5117,300.6536,358.5261,5.0265,12.895,82.89,1021.85,1.15,5.75,315.8,372.3,-24.2968,17.875,-999,1.09,-999,140.0,12.3484,79.2534,79.4015,79.2474,78.8092,78.7472,13.1248,13.0535,13.1062,12.5602,13.1072,1.0265,11.2014
2023-09-25 00:00:00,-1.245,2.2192,302.6288,358.3418,4.984,12.75,83.485,1021.9,1.05,5.45,317.7,372.15,-21.5358,15.125,-999,1.0385,-999,143.65,12.3145,80.0043,80.164,79.94,79.5762,79.5104,12.9802,12.9087,12.9735,12.4044,12.9512,1.041,16.8766
2023-09-25 01:00:00,-1.1292,2.2388,302.7513,357.018,4.9615,12.455,83.455,1021.9,1.15,5.5,317.7,370.65,-26.5056,19.25,-999,1.1095,-999,136.9,12.2809,79.8726,80.0228,79.805,79.4246,79.3595,12.6988,12.6376,12.6798,12.1138,12.676,1.0566,11.6262
2023-09-25 02:00:00,-1.3557,1.9238,300.9163,356.5941,4.934,12.135,83.19,1021.6,0.9,5.1,315.9,370.25,-30.371,24.75,-999,1.4395,-999,134.75,12.2485,79.662,79.8548,79.45,79.2305,79.1865,12.3638,12.2752,12.378,11.7767,12.3368,1.3709,8.4954
2023-09-25 03:00:00,-1.3116,1.9954,302.9694,354.6151,4.9085,11.665,83.96,1021.25,1.05,5.2,317.55,367.95,-29.2666,17.875,-999,1.043,-999,136.85,12.2158,80.522,80.6729,80.44,80.1393,80.0785,11.8925,11.8214,11.8915,11.307,11.8726,0.9287,11.6023
2023-09-25 04:00:00,-1.0841,2.0461,302.9309,354.5543,4.88,11.685,82.65,1021.3,1.15,5.2,317.45,367.8,-29.8188,22.0,-999,1.232,-999,139.2,12.1808,78.8713,79.02,78.8645,78.4478,78.3966,11.8957,11.8145,11.8604,11.3094,11.877,1.1599,12.3558
2023-09-25 05:00:00,0.2182,2.3185,309.8911,354.4179,4.8425,11.64,82.635,1021.7,2.55,5.5,324.1,367.6,-23.1924,16.5,-999,0.851,-999,143.1,12.1468,78.7415,78.8908,78.7308,78.324,78.2897,11.876,11.7915,11.8306,11.286,11.8497,0.8482,19.4576
2023-09-25 06:00:00,27.7122,9.0005,314.1716,357.4458,4.85,11.775,82.485,1022.0,29.0,12.1,328.35,370.55,-16.0138,22.0,-999,0.91,-999,137.15,12.1413,78.7896,78.936,78.7687,78.3515,78.2985,11.9328,11.8492,11.9051,11.3502,11.9212,0.8342,11.8013
2023-09-25 07:00:00,117.6076,31.7336,318.554,368.183,5.128,13.065,79.41,1022.0,112.25,34.85,333.5,381.9,-3.3132,45.375,-999,0.8615,-999,132.9,12.3347,75.76,75.8998,75.3364,75.2508,75.2302,12.9725,12.8957,13.0346,12.4045,12.9553,0.7628,9.5066
2023-09-25 08:00:00,212.5837,54.4042,318.6418,381.5214,5.2295,15.375,73.335,1022.15,211.2,58.0,335.1,396.65,0.5522,85.25,-999,0.7035,-999,154.2,12.9028,69.7102,69.9028,67.7935,69.1044,69.3195,14.9715,14.8682,15.4304,14.4158,14.936,0.6572,26.9046
2023-09-25 09:00:00,341.04,86.877,316.9645,392.1134,5.2215,16.82,70.08,1022.4,341.35,89.55,335.1,408.35,21.5358,137.5,-999,1.003,-999,160.65,13.6184,66.13,66.265,64.0272,65.5292,65.8705,16.3403,16.2235,16.8612,15.7752,16.2395,0.8936,31.1243
2023-09-25 10:00:00,425.1291,105.5248,322.7684,402.2492,5.2235,18.03,68.06,1022.7,415.8,104.95,341.95,419.2,57.4288,-999,17.395,-999,17.305,151.45,13.5168,63.893,64.0104,61.6506,63.2852,63.6435,17.5119,17.3743,18.0954,16.9518,17.4008,0.9567,38.8526
2023-09-25 11:00:00,533.8794,133.7158,326.7452,414.5516,5.223,19.685,64.98,1022.85,515.6,130.55,348.1,433.6,48.5936,199.375,18.695,0.9965,18.68,156.2,13.454,60.6214,60.758,58.0588,59.9734,60.344,19.0448,18.895,19.759,18.4687,18.9112,0.9904,31.8983
2023-09-25 12:00:00,476.9413,116.092,350.1833,417.8728,5.232,20.695,63.49,1022.95,459.45,116.75,370.85,437.55,41.9672,228.25,19.66,0.829,19.635,173.1,13.4866,58.802,58.8844,56.2614,58.1674,58.4996,20.0056,19.8562,20.731,19.4335,19.8768,0.7892,47.415
2023-09-25 13:00:00,456.5292,109.4833,343.675,418.5199,5.2355,21.345,63.115,1022.95,443.2,115.7,364.6,438.65,30.371,192.5,20.46,0.913,20.365,162.25,13.4912,58.4572,58.5242,56.2666,57.8518,58.1552,20.6948,20.538,21.3448,20.1174,20.5867,0.8624,26.8589
2023-09-25 14:00:00,307.8111,70.6565,349.7714,413.3139,5.2355,21.405,63.265,1022.85,295.0,75.9,371.3,434.4,12.7006,108.625,20.935,0.695,20.78,163.15,13.4002,57.2696,57.3354,54.3415,56.6682,57.009,21.1648,21.0022,22.0788,20.5892,21.0617,0.6612,34.5649
2023-09-25 15:00:00,178.5143,40.6422,365.1198,406.7299,5.2415,21.05,65.14,1022.95,173.0,44.3,384.65,425.85,-0.5522,89.375,20.655,0.4185,20.51,158.45,13.1888,59.5835,59.5954,57.354,58.966,59.2374,20.7643,20.6365,21.3765,20.1842,20.6783,0.4534,32.488
2023-09-25 16:00:00,80.2437,18.2574,381.8825,402.2056,5.2565,20.4,68.115,1023.05,79.55,21.2,400.3,420.6,-8.8352,67.375,20.18,0.2695,20.12,171.35,12.9176,62.0584,62.0052,60.0843,61.4038,61.7253,20.3668,20.2688,20.8612,19.8026,20.2932,0.3095,29.5247
2023-09-25 17:00:00,13.3037,2.0757,386.7558,396.0182,5.233,19.04,77.26,1023.45,15.2,5.15,403.7,413.2,0.0,2.75,19.0,0.0865,19.05,223.3,12.7218,71.768,71.781,69.3227,71.2747,71.4963,19.1686,19.0856,19.6698,18.5862,19.0998,0.0884,120.3192
2023-09-25 18:00:00,-0.659,-0.3538,382.1578,390.4284,5.193,17.78,82.405,1023.5,1.85,2.8,398.3,406.6,-1.6566,2.75,18.0,0.014,18.07,184.25,12.6275,77.3036,77.4136,75.8892,76.7418,76.837,18.0645,17.9865,18.3084,17.5151,18.0316,0.0342,40.86
2023-09-25 19:00:00,-0.5885,0.1582,377.6728,387.753,5.1455,17.065,86.745,1023.5,1.85,3.2,393.5,403.4,1.6566,-1.375,17.24,0.0225,17.315,192.55,12.5628,82.8156,83.0678,81.9188,82.3346,82.3548,17.3452,17.2633,17.4692,16.7902,17.291,0.026,81.4517
2023-09-25 20:00:00,-1.7987,0.5909,341.2351,373.7296,5.1095,15.835,91.325,1023.4,1.15,4.15,358.35,389.6,0.0,0.0,16.12,0.033,16.14,178.75,12.5109,89.5567,89.9934,88.265,89.3416,89.355,16.1976,16.098,16.3768,15.6126,16.0983,0.0408,57.8917
2023-09-25 21:00:00,-0.4562,1.0987,352.0381,372.2518,5.081,14.725,94.69,1023.25,2.0,4.3,372.4,387.75,0.0,-1.375,15.15,0.021,15.11,279.25,12.463,95.0833,95.6783,94.7567,94.985,94.89,15.0862,14.973,15.0158,14.4967,14.9995,0.0261,103.3132
2023-09-25 22:00:00,-0.8615,1.3958,348.7249,370.5135,5.045,14.425,95.715,1023.3,1.6,4.65,371.25,386.3,0.0,0.0,14.9,0.0195,14.845,178.0,12.426,96.1267,96.7633,96.375,96.005,95.8867,14.8015,14.7118,14.6728,14.2395,14.7338,0.0172,27.8796
2023-09-25 23:00:00,-0.8926,1.7526,347.2182,365.1224,5.0125,13.48,96.505,1023.05,1.75,5.25,366.6,379.85,0.0,-1.375,13.915,0.0205,13.91,288.45,12.388,97.5634,98.36,97.32,97.6417,97.34,13.9378,13.8308,13.851,13.354,13.841,0.0128,97.7099
2023-09-26 00:00:00,-0.6382,1.8306,350.5481,364.3741,4.9815,13.165,96.92,1022.85,2.0,5.35,367.95,378.35,-1.6566,-2.75,13.675,0.082,13.79,101.35,12.3528,97.7116,98.2117,98.0633,97.4533,97.3366,13.5026,13.426,13.389,12.974,13.4735,0.0942,316.9586
2023-09-26 01:00:00,-0.2119,1.3203,359.5168,368.3213,4.952,13.39,95.77,1022.9,2.05,4.4,375.5,382.0,-14.3572,12.375,14.18,0.346,14.265,128.55,12.3215,92.8784,92.4816,95.645,91.88,91.7916,13.9396,13.9548,13.637,13.4678,14.0036,0.2903,12.1054
2023-09-26 02:00:00,-0.3688,0.4902,366.7445,372.9224,4.923,13.91,92.98,1022.25,1.75,3.3,381.8,386.35,-3.3132,5.5,14.46,0.0885,14.395,132.05,12.2925,89.0583,89.315,89.9716,88.59,88.4616,14.4022,14.3428,14.2362,13.861,14.402,0.1114,20.5058
2023-09-26 03:00:00,-1.3062,1.6143,348.555,366.1208,4.8905,13.6,91.53,1022.2,1.1,4.4,367.85,380.6,-12.7006,11.0,13.88,0.416,13.9,137.0,12.2652,88.6317,88.985,88.7416,88.3,88.105,13.9948,13.902,13.9626,13.4254,13.9707,0.4514,13.5108
2023-09-26 04:00:00,-0.8394,2.3593,347.2196,364.3908,4.8595,13.14,91.015,1021.75,1.45,5.05,367.55,378.65,-7.7308,9.625,13.45,0.516,13.465,130.1,12.2362,88.345,88.595,88.485,88.0166,87.8817,13.4754,13.3935,13.4276,12.9078,13.4405,0.4129,6.2437
2023-09-26 05:00:00,0.0992,2.8042,341.9128,362.8509,4.819,12.935,91.15,1021.55,2.55,5.65,365.5,377.25,-7.7308,12.375,13.25,0.336,13.245,150.2,12.206,88.4,88.7316,88.4184,88.0934,87.9566,13.2983,13.2122,13.2695,12.7332,13.2586,0.3178,16.8856
2023-09-26 06:00:00,26.5824,10.0802,339.019,366.8206,4.8385,13.08,91.25,1021.55,29.45,13.3,366.25,380.15,-5.522,15.125,13.31,0.3125,13.32,149.1,12.2071,88.7433,89.0867,88.93,88.38,88.1566,13.3202,13.2345,13.2937,12.7588,13.3033,0.3458,25.9847
2023-09-26 07:00:00,87.9477,24.972,352.7128,379.1446,5.11,14.37,86.79,1021.6,89.15,28.3,369.9,392.95,-2.2088,30.25,14.365,0.754,14.285,131.45,12.3945,83.9367,84.1866,83.7516,83.5434,83.43,14.3824,14.3084,14.457,13.8225,14.3765,0.6797,11.8128
2023-09-26 08:00:00,171.4892,43.4978,336.1346,385.4228,5.237,15.55,84.22,1021.7,170.2,46.4,352.3,400.35,3.3132,48.125,15.255,0.76,15.14,136.3,12.7455,81.796,82.1094,80.7778,81.4166,81.3475,15.3272,15.229,15.554,14.7526,15.2986,0.7066,12.4628
2023-09-26 09:00:00,295.324,74.666,336.7056,397.8146,5.227,17.265,79.96,1021.5,290.0,76.2,354.45,414.15,22.088,83.875,16.825,1.0305,16.685,132.5,13.4466,77.1027,77.3678,75.3629,76.6677,76.7088,16.9105,16.7995,17.3055,16.3396,16.8427,0.9466,14.8816
2023-09-26 10:00:00,260.2344,64.3968,344.8407,401.536,5.2255,18.42,76.025,1021.45,254.75,66.45,363.0,418.95,13.2528,90.75,17.985,0.7995,17.875,150.1,13.3565,72.2666,72.4762,70.1588,71.7882,71.9507,18.0944,17.984,18.5855,17.523,18.028,0.7315,20.6381
2023-09-26 11:00:00,462.1301,114.3444,343.8496,416.1083,5.228,20.045,72.265,1021.25,449.8,113.8,363.9,434.65,38.654,149.875,19.205,1.094,19.09,131.0,13.5685,69.0483,69.2662,67.0683,68.5992,68.7656,19.4235,19.2766,19.924,18.835,19.31,0.9428,7.2681
2023-09-26 12:00:00,468.1118,113.7428,350.727,422.3564,5.229,21.565,68.23,1020.9,441.35,111.35,372.45,443.15,38.1018,148.5,20.715,0.913,20.565,144.65,13.4707,64.3158,64.4896,61.8865,63.8082,64.1306,20.931,20.7782,21.6055,20.3472,20.7885,0.8966,13.9338
2023-09-26 13:00:00,269.7942,64.9574,371.0427,413.8936,5.2375,21.35,66.735,1020.5,261.2,67.2,391.15,434.05,11.5962,136.125,20.875,0.8105,20.755,147.1,13.381,61.4325,61.445,59.4822,60.8387,61.1777,21.0258,20.9085,21.5733,20.4626,20.9417,0.8102,19.8084
2023-09-26 14:00:00,335.0887,82.9924,347.8214,414.9899,5.237,21.605,66.575,1020.35,324.75,88.35,368.8,435.35,12.7006,141.625,21.13,0.9785,20.98,142.6,13.5274,61.4636,61.4906,59.0084,60.8528,61.101,21.2625,21.132,21.966,20.6945,21.1907,0.8955,18.9043
2023-09-26 15:00:00,208.962,50.8052,347.9314,405.1838,5.239,21.115,67.39,1020.05,203.0,55.75,367.9,424.65,-11.5962,136.125,20.835,1.1245,20.75,139.95,13.2828,62.0086,61.9823,60.1778,61.3676,61.6566,20.934,20.8365,21.446,20.3864,20.873,1.0183,16.6974
2023-09-26 16:00:00,93.0971,22.626,344.9048,396.5368,5.2535,20.29,72.625,1019.6,90.4,26.4,363.8,414.9,-19.8792,78.375,20.18,0.72,20.15,146.45,12.9505,67.56,67.5813,65.9494,66.9537,67.1388,20.3037,20.2128,20.6852,19.7503,20.2413,0.7377,22.575
2023-09-26 17:00:00,24.0314,7.1269,341.5541,384.2414,5.2465,18.765,78.995,1019.85,25.85,10.85,359.25,401.4,-17.1182,23.375,18.99,0.2335,19.065,166.4,12.7435,74.6262,74.7327,73.1014,74.1192,74.2985,19.0007,18.9226,19.2922,18.431,18.931,0.2188,45.9147
2023-09-26 18:00:00,-0.8777,1.3484,338.6085,373.9732,5.199,16.805,86.645,1020.1,2.15,5.2,355.0,389.85,-7.1786,5.5,17.68,0.0715,17.815,150.05,12.63,81.4316,81.5315,81.564,80.964,81.118,17.5352,17.4668,17.4426,16.9812,17.4673,0.0754,44.6146
2023-09-26 19:00:00,-0.4416,2.0188,334.9524,370.5165,5.1625,15.94,89.83,1020.25,2.35,5.6,351.05,385.95,-7.1786,4.125,16.87,0.11,17.09,118.45,12.5634,84.4216,84.5866,85.5067,83.785,83.87,16.7114,16.6492,16.4565,16.1912,16.6844,0.0856,174.6554
2023-09-26 20:00:00,-0.2947,2.0429,332.7761,367.9592,5.131,15.415,90.725,1020.15,2.3,5.4,348.95,383.1,-4.4176,0.0,16.24,0.0695,16.43,142.4,12.5118,85.8284,86.0416,86.3816,85.345,85.3716,16.2135,16.1482,16.049,15.6648,16.1688,0.0849,35.7003
2023-09-26 21:00:00,0.1344,2.303,339.8129,370.1414,5.1055,15.37,91.22,1020.35,2.4,5.65,356.7,385.15,-2.761,-1.375,16.18,0.1615,16.365,130.95,12.4706,86.095,86.2883,87.5816,85.5817,85.4416,16.1007,16.0374,15.7985,15.5505,16.0795,0.1541,11.1575
2023-09-26 22:00:00,-0.5752,2.006,327.159,364.5733,5.071,15.065,91.365,1020.4,1.95,5.3,343.95,379.95,-9.9396,2.75,15.66,0.1715,15.775,128.95,12.4362,87.67,88.0266,87.8217,87.2417,87.1834,15.7075,15.61,15.6228,15.1418,15.6592,0.1614,3.1682
2023-09-26 23:00:00,-0.0952,1.704,342.6116,365.6004,5.036,14.025,94.55,1020.15,2.4,5.0,362.95,381.0,-999,-999,-999,-999,-999,-999,12.4045,93.1917,93.6533,93.99,92.7834,92.8934,14.6397,14.5563,14.3804,14.1158,14.5992,0.0257,192.8174
2023-09-27 00:00:00,-0.6282,1.487,349.5901,369.4863,5.0075,14.3,94.99,1020.5,1.75,4.75,369.9,384.6,-999,-999,-999,-999,-999,-999,12.3737,93.095,93.61,94.2933,92.7783,92.5717,14.9112,14.8164,14.6795,14.3413,14.8805,0.0535,60.7734
2023-09-27 01:00:00,-0.7214,1.6116,348.7789,365.5614,4.9755,13.615,95.09,1020.4,1.8,5.1,366.95,379.9,-999,-999,-999,-999,-999,-999,12.3446,95.365,95.9734,95.4083,95.2484,94.9966,14.1958,14.0923,14.1208,13.6245,14.1426,0.06,24.902
2023-09-27 02:00:00,-0.3308,2.027,351.1833,363.7664,4.941,13.01,94.65,1020.55,2.15,5.45,366.7,377.05,-999,-999,-999,-999,-999,-999,12.3145,97.7716,98.6284,97.415,97.825,97.5016,13.5092,13.4085,13.329,12.9083,13.4344,0.0307,97.4567
2023-09-27 03:00:00,-0.5052,1.8194,352.179,363.0706,4.9115,12.745,93.765,1020.45,2.0,5.2,367.65,376.3,-999,-999,-999,-999,-999,-999,12.2852,98.2817,99.0166,98.24,98.27,97.9384,13.1825,13.0823,13.0734,12.5988,13.1074,0.0462,62.6825
2023-09-27 04:00:00,-0.3596,1.8477,351.7024,361.5536,4.885,12.25,93.165,1020.8,2.05,5.1,367.25,374.75,-999,-999,-999,-999,-999,-999,12.256,98.6033,99.4167,98.5817,98.7,98.3366,12.7885,12.6828,12.5965,12.202,12.717,0.0187,47.1231
2023-09-27 05:00:00,0.0542,1.8858,353.4804,362.5616,4.8545,12.49,92.655,1020.45,2.35,5.15,369.55,376.25,-999,-999,-999,-999,-999,-999,12.2255,98.845,99.6034,98.94,98.8566,98.485,12.8725,12.7839,12.733,12.2964,12.8192,0.0611,79.9396
2023-09-27 06:00:00,20.4742,8.4136,358.2765,368.0934,4.865,13.15,92.03,1020.45,24.35,11.65,373.85,381.85,-999,-999,-999,-999,-999,-999,12.2246,98.4134,98.8466,98.9767,98.0134,98.015,13.326,13.266,13.2388,12.788,13.3008,0.2624,3.5822
2023-09-27 07:00:00,81.1644,27.0107,362.7427,375.6498,5.111,13.92,90.345,1020.75,86.55,30.0,376.55,389.2,-999,-999,-999,-999,-999,-999,12.3913,95.9633,95.6366,97.7766,95.22,95.0216,14.0448,14.0444,13.9857,13.5562,14.092,0.4178,181.9327
2023-09-27 08:00:00,243.3094,74.685,359.5336,393.3984,5.225,17.07,82.265,1021.35,249.75,76.9,381.5,406.05,-999,-999,16.18,-999,16.11,129.5,13.2036,87.5766,87.8683,87.2392,86.9183,86.81,16.2872,16.192,16.6967,15.7422,16.2442,0.3446,182.4884
2023-09-27 09:00:00,167.8884,47.6004,354.5214,399.707,5.236,18.275,80.425,1021.05,171.35,49.3,375.25,415.95,7.1786,38.5,17.725,0.5875,17.605,117.05,13.1565,84.3566,84.9033,81.0718,84.09,84.1334,17.9025,17.7577,18.6514,17.3141,17.8014,0.5042,166.3806
2023-09-27 10:00:00,206.0014,54.3905,360.7019,404.448,5.234,19.25,79.135,1020.75,203.0,56.45,378.6,421.85,5.522,57.75,18.935,0.5635,18.88,147.95,13.2184,81.5476,81.8505,79.8668,81.1468,81.0918,18.9347,18.8367,19.3052,18.3632,18.8839,0.5559,32.001
2023-09-27 11:00:00,414.1669,106.0194,359.8558,418.259,5.23,21.17,74.185,1019.95,403.7,106.5,380.1,437.6,36.9974,156.75,20.655,1.005,20.53,120.15,13.4658,74.188,74.4273,72.672,73.7624,73.839,20.6896,20.5672,21.0466,20.1133,20.5925,0.8814,5.9268
2023-09-27 12:00:00,580.2752,145.4388,336.4965,428.5929,5.2255,23.055,66.53,1019.25,557.7,146.85,360.3,450.7,45.8326,207.625,22.045,1.2915,21.985,147.45,13.4908,63.7128,63.8608,61.618,63.1434,63.399,22.3183,22.1656,22.8978,21.7382,22.1888,1.1965,22.038
2023-09-27 13:00:00,525.621,129.8982,336.8356,428.6932,5.234,23.825,64.295,1018.2,500.35,134.7,361.6,451.95,35.3408,188.375,22.84,1.1805,22.72,131.45,13.456,60.8102,60.9236,58.4285,60.2562,60.5095,23.0226,22.8707,23.7347,22.4372,22.877,1.0658,187.8246
2023-09-27 14:00:00,407.8683,102.0454,347.5005,421.7956,5.238,23.245,65.73,1018.0,394.4,109.2,371.75,445.15,18.2226,171.875,22.9,1.3125,22.74,134.2,13.4678,60.5702,60.5968,58.2836,59.937,60.2702,23.0312,22.9028,23.7222,22.4632,22.896,1.2328,10.0376
2023-09-27 15:00:00,105.801,26.2352,364.3849,406.1243,5.251,21.62,71.83,1017.1,105.4,29.75,384.6,426.15,-12.1484,72.875,21.44,0.5775,21.41,145.9,13.0088,68.304,68.3825,66.4053,67.7104,67.9606,21.5496,21.4496,22.0068,20.9838,21.4783,0.5444,21.1527
2023-09-27 16:00:00,75.8216,21.0356,365.0594,401.932,5.254,21.0,74.435,1016.45,75.65,24.05,384.15,420.7,-15.4616,60.5,20.98,0.5175,20.95,124.35,12.8628,71.8305,71.8878,70.5687,71.2967,71.4712,20.997,20.9066,21.2664,20.4346,20.9426,0.3701,175.5264
2023-09-27 17:00:00,17.437,5.3193,359.0732,393.6146,5.2325,20.225,76.61,1016.0,19.0,8.55,377.5,411.7,-23.7446,38.5,20.285,0.708,20.32,129.0,12.7018,74.3595,74.4306,73.5823,73.797,73.9135,20.4068,20.3212,20.5474,19.8475,20.3488,0.6657,11.9655
2023-09-27 18:00:00,-0.6417,1.1008,359.9267,390.0552,5.184,19.515,77.965,1015.4,1.75,4.35,377.55,407.4,-29.8188,30.25,19.635,0.8825,19.68,130.65,12.5973,75.7513,75.8334,75.4477,75.2004,75.296,19.7572,19.69,19.8027,19.2048,19.7088,0.7812,8.2299
2023-09-27 19:00:00,-0.4074,1.2008,364.3078,388.2668,5.137,18.965,79.085,1015.0,1.9,4.3,381.4,405.15,-22.6402,23.375,19.21,0.597,19.265,129.75,12.5408,76.966,77.0635,76.919,76.4283,76.489,19.2728,19.1897,19.244,18.7076,19.225,0.5604,14.085
2023-09-27 20:00:00,-0.1945,1.146,367.2627,388.5632,5.099,18.88,78.495,1014.25,2.05,4.2,384.35,405.5,-29.2666,33.0,19.04,0.8175,19.09,127.7,12.4973,76.1546,76.2216,76.1003,75.5985,75.6438,19.1165,19.0534,19.0932,18.5585,19.0894,0.7098,2.719
2023-09-27 21:00:00,-0.1235,0.8359,372.9222,389.8114,5.0685,19.005,77.34,1013.7,2.05,3.75,390.15,407.05,-999,-999,-999,-999,-999,-999,12.463,74.5313,74.5966,74.4033,73.9504,74.026,19.208,19.1392,19.2036,18.6485,19.172,1.0268,14.0634
2023-09-27 22:00:00,-0.4273,0.8052,368.2632,388.0788,5.0355,18.755,78.665,1013.4,1.9,3.85,385.5,405.25,-999,-999,-999,-999,-999,-999,12.4313,76.277,76.3572,76.094,75.7465,75.7958,18.9766,18.9016,18.9814,18.4092,18.9408,0.6615,18.1796
2023-09-27 23:00:00,-0.2423,1.4335,358.9822,385.7902,5.0065,18.72,79.015,1013.35,2.1,4.6,376.2,402.7,-999,-999,-999,-999,-999,-999,12.4027,76.501,76.5526,76.5976,75.9045,75.9138,18.9633,18.8954,18.9,18.4065,18.948,0.6073,182.0942
2023-09-28 00:00:00,-0.8718,1.8257,342.8491,383.1334,4.9745,19.0,77.73,1013.7,1.6,5.1,360.65,400.3,-999,-999,-999,-999,-999,-999,12.3735,74.5388,74.5775,74.514,73.8912,73.9468,19.2718,19.2027,19.2268,18.7224,19.2525,0.5943,6.5062
2023-09-28 01:00:00,-1.3854,1.909,330.623,376.8028,4.942,18.18,80.415,1014.15,1.35,5.45,348.15,393.6,-999,-999,-999,-999,-999,-999,12.3444,78.1288,78.19,77.7606,77.499,77.5119,18.5294,18.4662,18.5592,17.9918,18.5254,0.4726,176.7056
2023-09-28 02:00:00,-0.9474,2.3742,329.8253,374.8952,4.91,17.35,83.695,1014.4,1.75,5.9,346.8,391.0,-999,-999,-999,-999,-999,-999,12.3147,83.0566,83.1766,83.2617,82.4966,82.3666,17.6938,17.6392,17.6157,17.16,17.7173,0.3386,161.5722
2023-09-28 03:00:00,-0.7249,2.8672,325.488,376.9475,4.879,17.435,84.36,1014.65,1.85,6.25,342.45,392.9,-999,-999,-999,-999,-999,-999,12.2831,84.1767,84.3034,84.91,83.6867,83.5466,17.7367,17.676,17.5664,17.189,17.7363,0.4328,77.2228
2023-09-28 04:00:00,-1.4819,1.9548,322.4616,368.189,4.8455,16.205,86.915,1015.3,1.3,5.4,342.6,384.85,-999,-999,-999,-999,-999,-999,12.254,88.8934,89.17,88.5834,88.545,88.3966,16.6095,16.5393,16.5955,16.045,16.5682,0.2094,94.441
2023-09-28 05:00:00,-1.5018,3.1147,321.5462,373.7898,4.8155,16.33,84.575,1015.75,1.05,6.7,341.6,389.35,-999,-999,-999,-999,-999,-999,12.2248,85.0466,85.1267,85.89,84.6017,84.4084,16.6007,16.5522,16.441,16.0443,16.5798,0.6657,129.7583
2023-09-28 06:00:00,20.0549,7.3936,311.8697,372.7168,4.815,15.975,82.825,1016.45,21.9,11.0,328.5,388.0,-999,-999,-999,-999,-999,-999,12.218,82.2534,82.415,82.345,81.8083,81.72,16.1932,16.1345,16.1603,15.6327,16.1666,0.6796,70.1514
2023-09-28 07:00:00,98.8133,26.1352,333.5702,381.0838,5.1525,16.57,81.53,1017.15,83.15,29.95,350.6,396.7,-999,-999,-999,-999,-999,-999,12.3527,81.0863,81.2867,80.4046,80.489,80.4878,16.5437,16.4523,16.6715,16.0128,16.5148,0.7863,60.0286
2023-09-28 08:00:00,123.6563,31.395,376.9812,390.8798,5.2425,17.17,80.805,1017.75,122.05,33.75,393.15,406.9,-999,-999,-999,-999,-999,-999,12.5726,79.652,79.873,78.9565,79.163,79.1735,17.1625,17.0725,17.3038,16.6099,17.1232,0.9088,49.7066
2023-09-28 09:00:00,284.6437,74.6803,347.9283,400.6046,5.233,18.525,77.105,1018.1,280.9,76.7,366.4,418.1,-999,-999,18.11,-999,18.16,205.2,13.2894,75.1724,75.4718,73.4043,74.5514,74.7745,18.283,18.1656,18.6812,17.7418,18.225,0.8427,110.8207
2023-09-28 10:00:00,291.2518,74.3227,361.6992,404.4647,5.233,18.995,74.96,1018.35,285.7,76.1,380.7,422.7,21.5358,99.0,18.565,0.916,18.545,181.75,13.442,72.1198,72.3938,69.8844,71.5212,71.7808,18.7834,18.6385,19.3068,18.2287,18.6954,0.8722,54.7436
2023-09-28 11:00:00,203.0155,51.66,382.1464,402.4111,5.236,18.845,75.275,1018.75,198.4,53.5,399.6,419.95,13.805,85.25,18.6,0.8455,18.57,190.45,13.1885,72.0938,72.3174,70.4153,71.5308,71.75,18.7685,18.6536,19.1454,18.2028,18.6958,0.9005,73.515
2023-09-28 12:00:00,275.3552,71.272,377.6928,406.1313,5.239,19.325,72.65,1018.75,256.65,69.3,395.25,423.5,18.2226,114.125,19.035,0.9645,19.025,199.2,13.4148,68.7358,68.9171,67.2504,68.1146,68.3416,19.1818,19.0569,19.5286,18.6242,19.1118,0.9499,76.8314
2023-09-28 13:00:00,205.6624,53.0178,380.1491,402.9687,5.247,19.29,71.29,1018.5,150.6,41.0,398.3,418.8,11.5962,1832930.0,19.21,0.9145,19.05,191.55,13.1928,66.8205,66.9514,65.1696,66.2162,66.4896,19.2347,19.1098,19.6298,18.667,19.1486,0.906,88.4808
2023-09-28 14:00:00,146.2444,37.5519,375.6368,398.7007,5.24,19.095,69.865,1018.45,143.45,39.95,392.8,415.9,-4.4176,112.75,18.87,0.691,18.87,185.8,12.964,64.7094,64.7668,63.5342,64.0838,64.3423,19.0586,18.9646,19.3208,18.4864,18.9947,0.7597,62.6385
2023-09-28 15:00:00,146.041,37.9206,356.3526,396.2329,5.245,18.985,70.335,1017.9,142.7,40.6,373.65,413.3,-6.6264,66.0,18.785,0.7025,18.775,165.65,13.0063,65.389,65.459,64.0743,64.8088,65.0455,18.9573,18.8507,19.2588,18.3708,18.879,0.7683,35.7268
2023-09-28 16:00:00,95.4778,26.1589,335.0242,389.2122,5.256,18.61,72.945,1017.75,94.2,29.6,352.85,406.3,-5.522,34.375,18.425,0.286,18.395,153.8,12.8885,69.0194,69.1252,67.1632,68.4761,68.6524,18.568,18.4562,18.9833,17.9907,18.5014,0.3117,36.4826
2023-09-28 17:00:00,25.0746,8.2532,321.922,371.1846,5.2475,16.245,82.575,1017.5,27.2,12.25,338.7,387.15,-3.3132,5.5,16.82,0.016,16.89,154.8,12.6793,81.1755,81.5132,78.4387,80.8268,80.9408,16.4585,16.3408,16.9486,15.8752,16.3497,0.0241,61.5848
2023-09-28 18:00:00,-1.196,1.4468,322.0792,360.7168,5.2095,14.05,88.775,1017.45,1.85,5.25,343.45,376.65,-999,-999,-999,-999,-999,-999,12.5617,90.88,91.3633,90.8333,90.6284,90.6733,14.605,14.503,14.5692,14.0475,14.5195,0.0113,65.7384
2023-09-28 19:00:00,0.1236,1.7396,349.8056,368.5305,5.1745,13.88,90.45,1017.05,2.4,4.8,370.6,383.05,-999,-999,-999,-999,-999,-999,12.4977,92.8184,93.1584,94.9067,92.2866,92.2784,14.4306,14.3512,14.0424,13.9074,14.4128,0.017,20.0562
2023-09-28 20:00:00,-0.1876,2.1372,355.7788,373.5396,5.1435,14.625,88.73,1017.05,1.95,4.55,376.4,387.8,-999,-999,-999,-999,-999,-999,12.451,88.83,89.0184,90.955,88.2416,88.1317,15.2375,15.177,14.86,14.6942,15.2428,0.1856,187.7073
2023-09-28 21:00:00,-0.8474,2.6966,347.5952,373.8576,5.114,15.195,85.78,1016.7,1.45,6.05,367.8,388.35,-999,-999,-999,-999,-999,-999,12.4095,85.93,86.0966,86.8316,85.4516,85.2917,15.5916,15.5272,15.4088,15.0276,15.579,0.2902,21.4755
2023-09-28 22:00:00,-0.1881,1.7122,346.586,371.213,5.087,15.07,85.155,1016.75,2.0,4.85,361.7,385.85,-999,-999,-999,-999,-999,-999,12.3722,84.595,84.795,85.3034,84.145,84.1467,15.5647,15.486,15.3965,14.999,15.5235,0.1352,18.7671
2023-09-28 23:00:00,0.4402,1.3285,365.0285,377.7916,5.053,15.43,84.395,1016.45,2.5,4.1,380.0,392.45,-999,-999,-999,-999,-999,-999,12.3357,83.855,84.045,84.6866,83.3734,83.3467,15.8258,15.7486,15.6408,15.2593,15.7912,0.2476,13.1444
2023-09-29 00:00:00,0.2146,0.9125,368.8194,379.6799,5.022,15.815,83.42,1016.1,2.3,3.65,384.05,394.65,-999,-999,-999,-999,-999,-999,12.2991,83.2783,83.4516,83.4734,82.8433,82.755,16.0542,15.9788,15.9969,15.491,16.0185,0.4877,8.8096
2023-09-29 01:00:00,0.2564,0.5386,376.8024,382.2058,4.994,16.215,82.945,1015.6,2.3,3.2,392.2,397.5,-999,-999,-999,-999,-999,-999,12.2639,82.8566,83.0634,82.84,82.4167,82.3367,16.4005,16.3207,16.3936,15.847,16.3642,0.644,15.4956
2023-09-29 02:00:00,-0.2491,0.6892,366.3439,381.0734,4.9635,16.375,83.56,1015.2,2.0,3.6,381.9,396.5,-999,-999,-999,-999,-999,-999,12.23,83.7867,83.9817,83.6734,83.33,83.2584,16.5915,16.5228,16.5948,16.0387,16.5533,0.5128,14.2991
2023-09-29 03:00:00,0.3682,0.7113,376.6734,383.4581,4.9325,16.85,81.13,1014.85,2.45,3.4,392.35,399.05,-999,-999,-999,-999,-999,-999,12.2012,80.0352,80.1696,80.181,79.5314,79.5001,17.0317,16.9615,16.987,16.479,17.0075,0.8333,10.228
2023-09-29 04:00:00,-1.5825,1.3944,379.8362,383.2542,4.901,16.15,85.71,1013.95,1.2,4.7,394.0,398.3,-999,-999,-999,-999,-999,-999,12.178,88.7865,88.9228,87.583,88.3965,88.4168,16.2758,16.2076,16.4458,15.7115,16.2065,0.3314,30.9945
2023-09-29 05:00:00,-1.3516,1.9226,379.7752,384.36,4.8665,16.635,84.38,1013.7,1.8,5.5,393.7,399.4,-999,-999,-999,-999,-999,-999,12.1618,86.4133,86.5484,86.465,85.935,85.745,16.7775,16.7185,16.7483,16.234,16.7618,0.7736,11.7599
2023-09-29 06:00:00,4.9987,3.2337,381.461,386.8131,4.8375,17.415,83.1,1013.5,8.5,6.9,394.65,402.25,-999,-999,-999,-999,-999,-999,12.1515,84.5283,84.6366,84.65,83.9783,83.85,17.5632,17.5082,17.5105,17.0242,17.5613,0.6981,18.409
2023-09-29 07:00:00,45.5655,13.0091,382.0344,391.9965,4.8735,18.29,82.32,1013.85,48.0,16.5,393.05,408.05,-999,-999,-999,-999,-999,-999,12.2032,83.7517,83.89,83.6967,83.24,83.09,18.3817,18.3139,18.363,17.8338,18.3725,0.6514,24.5272
2023-09-29 08:00:00,68.8352,18.0541,393.5896,398.481,5.056,19.145,81.415,1014.25,69.7,20.45,408.2,415.5,-999,-999,-999,-999,-999,-999,12.289,82.7083,82.8716,82.2234,82.1833,82.095,19.1965,19.1112,19.2651,18.6358,19.1558,0.65,27.7293
2023-09-29 09:00:00,157.9538,39.9954,393.36,405.4509,5.246,20.24,79.505,1014.7,154.45,41.35,408.9,424.1,-3.3132,-999,20.205,0.919,20.175,187.55,12.6444,80.0255,80.2322,79.3256,79.5293,79.5179,20.1972,20.1027,20.3426,19.6448,20.1372,0.9176,74.515
2023-09-29 10:00:00,120.5622,31.1259,394.102,404.6236,5.2525,20.29,80.25,1015.2,118.25,32.95,412.4,423.65,-1.6566,72.875,20.185,1.247,20.155,221.05,12.7272,80.8648,81.1265,79.8247,80.3485,80.3956,20.3482,20.2458,20.5618,19.7989,20.2807,1.1684,118.7592
2023-09-29 11:00:00,87.3209,22.4136,397.1826,402.4276,5.252,19.34,84.57,1015.95,87.4,25.05,413.55,419.8,-8.8352,27.5,19.085,1.2675,19.1,238.0,12.6348,88.4583,88.8284,87.425,88.1,88.0633,19.4264,19.3322,19.6281,18.864,19.3545,1.3832,132.4423
2023-09-29 12:00:00,112.4101,29.8888,393.2608,398.0696,5.2445,17.985,84.91,1017.3,112.9,33.55,406.1,414.1,3.8654,133.375,17.885,1.484,17.935,262.9,12.6888,89.8334,90.3916,89.0417,89.4484,89.2083,18.0213,17.9042,18.1316,17.4686,17.9946,1.6159,164.6807
2023-09-29 13:00:00,204.9201,54.077,389.3156,399.4456,5.2325,18.165,79.29,1018.8,201.9,57.45,399.4,416.3,10.4918,115.5,18.07,1.47,18.095,261.95,13.0062,80.8144,81.153,80.0078,80.3188,80.2203,18.1498,18.0468,18.299,17.6042,18.1288,1.6618,171.2648
2023-09-29 14:00:00,216.5158,55.9728,380.1024,399.0158,5.245,18.375,75.505,1019.65,209.75,59.15,391.15,416.2,9.9396,147.125,18.25,1.4335,18.26,263.0,13.1372,74.6915,74.9221,73.7167,74.112,74.1434,18.3687,18.2572,18.5602,17.836,18.3492,1.5741,162.8089
2023-09-29 15:00:00,249.9108,55.2174,333.8867,392.7463,5.247,18.325,73.8,1020.9,234.3,61.4,347.05,410.0,0.0,123.75,18.07,1.631,18.08,263.45,13.1804,72.5638,72.8007,71.282,71.9407,72.0103,18.219,18.0998,18.5136,17.6975,18.2027,1.6998,162.9441
2023-09-29 16:00:00,59.8362,13.5925,307.0988,377.9454,5.256,17.165,71.27,1021.7,59.65,18.05,324.75,394.3,-30.371,90.75,17.145,1.3245,17.14,253.45,12.7375,67.7368,67.8012,67.0463,67.1564,67.323,17.31,17.2148,17.4566,16.7576,17.2718,1.4782,164.07
2023-09-29 17:00:00,16.6454,5.7704,300.7774,367.3428,5.239,15.895,74.92,1022.45,18.55,9.6,317.55,382.8,-999,-999,-999,-999,-999,-999,12.5315,72.8058,72.9103,72.094,72.3293,72.352,16.1358,16.057,16.2435,15.5545,16.0922,0.7353,147.398
2023-09-29 18:00:00,-1.5463,2.43,302.8346,358.5952,5.2,14.305,81.16,1023.75,1.35,6.3,318.55,373.3,-999,-999,-999,-999,-999,-999,12.4152,81.0997,81.404,80.8366,80.7235,80.5543,14.783,14.6957,14.7606,14.1955,14.7743,0.3185,106.6762
2023-09-29 19:00:00,-1.4079,2.1498,310.2225,351.9004,5.16,12.5,87.175,1024.1,1.45,5.95,331.0,366.9,-999,-999,-999,-999,-999,-999,12.3284,91.7184,92.2834,91.1584,91.73,91.5583,13.1488,13.0388,13.0928,12.5362,13.0502,0.0732,59.6217
2023-09-29 20:00:00,-0.655,2.6276,331.9494,352.9301,5.1255,11.505,89.53,1024.55,1.9,6.3,348.85,365.9,-999,-999,-999,-999,-999,-999,12.2525,96.4916,97.345,96.6367,96.6183,96.4117,12.0607,11.9356,11.8438,11.4778,11.9738,0.0446,51.0896
2023-09-29 21:00:00,-0.842,2.4756,336.8405,353.158,5.0975,11.235,90.05,1024.65,1.55,5.95,353.3,365.85,-999,-999,-999,-999,-999,-999,12.188,96.2884,96.7633,97.55,96.145,95.8716,11.781,11.6972,11.5653,11.2038,11.7436,0.0978,42.0627
2023-09-29 22:00:00,-0.6133,2.4752,338.6848,352.7513,5.064,10.99,90.27,1025.05,1.8,5.9,354.9,365.25,-999,-999,-999,-999,-999,-999,12.1378,96.6734,97.1984,97.8016,96.5266,96.2516,11.4838,11.3978,11.2476,10.9337,11.4695,0.0644,37.4514
2023-09-29 23:00:00,-0.4803,2.2276,342.841,354.1223,5.0345,10.95,90.51,1025.35,1.8,5.5,358.8,366.6,-999,-999,-999,-999,-999,-999,12.1038,96.7567,97.1784,97.945,96.485,96.2267,11.3928,11.3218,11.1638,10.8312,11.3858,0.0818,30.365
2023-09-30 00:00:00,-0.6961,1.696,347.2718,357.0302,5.003,11.18,90.215,1025.35,1.6,4.8,363.0,369.65,-999,-999,-999,-999,-999,-999,12.0814,96.0816,96.37,97.48,95.6416,95.3583,11.5994,11.523,11.4338,11.0534,11.6043,0.0918,10.694
2023-09-30 01:00:00,-0.3192,1.7051,350.0733,358.3908,4.9755,11.41,90.18,1025.85,1.9,4.75,365.45,371.0,-999,-999,-999,-999,-999,-999,12.0657,96.5784,96.9933,97.5733,96.265,95.9816,11.7968,11.722,11.583,11.2331,11.7897,0.069,29.5888
2023-09-30 02:00:00,-0.2997,1.4171,353.6688,360.9654,4.9435,11.785,89.805,1025.95,1.9,4.4,368.95,373.85,-999,-999,-999,-999,-999,-999,12.0527,96.0967,96.335,97.365,95.6066,95.3717,12.1495,12.0914,11.9574,11.6005,12.1555,0.1718,15.0753
2023-09-30 03:00:00,-0.7797,1.2199,353.6888,362.0014,4.9115,11.995,89.305,1025.8,1.5,4.3,369.6,375.1,-999,-999,-999,-999,-999,-999,12.0398,95.9717,96.3717,96.6966,95.68,95.35,12.3546,12.2828,12.2592,11.7953,12.3497,0.1284,13.6547
2023-09-30 04:00:00,-0.5916,1.4394,353.439,361.4826,4.8795,12.0,89.765,1025.85,1.75,4.55,369.25,374.55,-999,-999,-999,-999,-999,-999,12.0268,97.2684,97.8533,97.4916,97.12,96.7716,12.2948,12.1985,12.2101,11.7234,12.2802,0.082,20.3796
2023-09-30 05:00:00,-1.0123,1.4036,350.1394,360.0074,4.8485,11.81,89.92,1026.1,1.4,4.6,366.95,373.25,-999,-999,-999,-999,-999,-999,12.0122,97.595,98.1683,97.77,97.465,97.135,12.1108,12.013,12.0576,11.5328,12.0825,0.1654,182.8763
2023-09-30 06:00:00,12.7606,6.0058,344.8462,357.7342,4.8355,11.455,90.22,1026.1,16.15,9.25,362.1,370.7,-999,-999,-999,-999,-999,-999,12.0147,98.1167,98.735,98.0834,98.025,97.6333,11.6931,11.5949,11.6496,11.108,11.6757,0.3103,7.8711
2023-09-30 07:00:00,101.3091,39.1496,351.4334,367.1814,5.171,12.58,88.395,1027.0,75.0,37.2,367.5,379.05,-999,-999,13.09,0.46,12.98,139.0,12.208,97.18,97.12,97.3634,96.2284,96.1483,12.3105,12.285,12.4702,11.8444,12.3632,0.4294,21.2428
2023-09-30 08:00:00,237.5842,85.8716,352.6694,384.452,5.219,15.72,79.455,1027.3,257.35,88.35,374.75,395.9,14.3572,2.75,14.725,0.5845,14.5,147.85,13.289,88.465,88.75,87.1216,87.8334,87.835,14.7646,14.6722,15.3208,14.239,14.728,0.5568,20.5743
2023-09-30 09:00:00,372.1106,107.536,316.0969,401.7566,5.2215,17.905,72.82,1027.75,384.45,112.0,352.15,416.3,31.4754,126.5,16.6,0.6485,16.475,166.75,13.762,79.2404,79.8648,74.8916,78.7925,79.127,16.902,16.7355,18.05,16.3565,16.7607,0.6142,39.978
2023-09-30 10:00:00,336.2464,82.705,325.0783,402.5511,5.232,18.53,69.26,1028.05,330.6,86.7,344.55,420.75,23.7446,110.0,17.71,0.6545,17.73,220.05,13.5968,71.9827,72.472,68.1164,71.416,71.7185,17.9532,17.781,18.9496,17.4237,17.8673,0.6212,119.1227
2023-09-30 11:00:00,421.564,105.306,339.8578,410.7752,5.2295,19.61,65.245,1027.5,400.7,106.0,359.65,429.45,34.7886,156.75,18.615,0.6765,18.625,197.1,13.6487,65.7433,66.0898,62.9113,65.2723,65.4817,18.901,18.7228,19.6802,18.3276,18.7962,0.5772,78.3833
2023-09-30 12:00:00,333.3183,84.396,362.5059,408.3288,5.2365,19.485,62.515,1027.25,319.0,87.5,381.8,427.4,23.1924,136.125,18.865,0.816,18.865,204.0,13.5903,60.5283,60.7064,58.0052,59.9782,60.2373,19.0724,18.915,19.8019,18.4945,18.9882,0.824,91.389
2023-09-30 13:00:00,296.3566,77.0972,344.5902,403.103,5.233,19.415,62.005,1026.9,285.6,80.85,363.1,421.05,10.4918,122.375,18.84,0.6335,18.825,202.1,13.533,59.7376,59.8713,57.5166,59.1276,59.3894,19.0252,18.8758,19.6275,18.4608,18.9572,0.6137,84.671
2023-09-30 14:00:00,350.3458,90.8386,328.0182,403.3138,5.233,19.48,60.885,1026.65,333.25,96.35,347.65,421.95,13.2528,125.125,19.065,0.853,19.085,226.8,13.633,57.0494,57.223,54.5484,56.3972,56.6588,19.3164,19.1574,20.0852,18.7561,19.2395,0.8834,112.1149
2023-09-30 15:00:00,245.9904,57.1474,336.6812,396.9626,5.2435,19.53,60.815,1026.35,233.75,63.1,355.85,415.35,1.1044,119.625,18.915,0.642,18.915,222.6,13.3563,57.503,57.6414,55.0495,56.8752,57.1494,19.2035,19.0523,19.9386,18.637,19.1338,0.7428,124.2021
2023-09-30 16:00:00,67.6042,15.9898,332.4269,382.6662,5.256,17.79,65.29,1026.0,67.6,20.25,349.9,399.4,-7.1786,19.25,17.705,0.489,17.725,214.1,12.8944,63.0412,63.0833,61.3674,62.4855,62.7097,17.8758,17.7773,18.295,17.308,17.8238,0.4966,111.3063
2023-09-30 17:00:00,12.7664,3.97,349.4898,378.2105,5.2275,16.475,72.275,1026.0,14.85,7.35,365.4,393.9,-7.1786,17.875,16.6,0.112,16.67,191.6,12.722,73.2563,73.4684,72.0195,72.7225,72.7853,16.7254,16.6268,16.9588,16.1638,16.6788,0.1632,78.7754
2023-09-30 18:00:00,-0.5028,1.009,349.6978,371.5978,5.1845,15.005,77.84,1025.95,2.2,4.4,365.0,386.35,0.0,0.0,15.435,0.0215,15.575,173.5,12.6265,80.2065,80.4944,79.9934,79.6888,79.673,15.5185,15.4326,15.5245,14.9582,15.496,0.0419,69.8774
2023-09-30 19:00:00,-0.3828,1.2151,350.7206,372.6808,5.1475,14.725,80.235,1025.85,2.0,4.3,365.4,387.0,0.5522,-2.75,15.175,0.0275,15.29,178.4,12.5575,83.8184,84.075,83.875,83.3502,83.2834,15.2438,15.1602,15.1762,14.6796,15.2212,0.0573,55.7878
2023-09-30 20:00:00,-0.149,1.3127,352.8503,371.193,5.115,14.18,82.37,1025.95,2.3,4.4,367.35,385.25,-1.6566,1.375,14.67,0.029,14.75,166.4,12.5032,86.8634,87.085,87.4216,86.4634,86.4367,14.6864,14.6036,14.5553,14.1355,14.652,0.0525,39.1624
2023-09-30 21:00:00,0.3456,1.0724,367.1149,376.9158,5.091,14.495,81.17,1025.85,2.3,3.75,381.55,391.05,0.0,-1.375,14.925,0.046,14.975,132.4,12.4594,84.9217,85.1166,85.485,84.5266,84.4734,14.9068,14.85,14.811,14.3512,14.8942,0.0504,41.2983
2023-09-30 22:00:00,-0.0597,0.9444,361.8814,375.4652,5.059,14.61,80.375,1025.55,2.05,3.75,376.65,389.85,-4.4176,8.25,14.92,0.1255,14.955,144.75,12.4212,84.6083,84.8667,84.7416,84.205,84.1166,14.9643,14.8876,14.922,14.3998,14.95,0.1533,19.432
2023-09-30 23:00:00,-0.0667,0.7622,365.1112,376.6512,5.023,14.655,80.745,1025.0,2.0,3.55,379.6,390.9,-3.3132,8.25,14.87,0.232,14.87,142.1,12.3863,85.8834,86.1434,85.7733,85.5117,85.415,14.9112,14.8277,14.9346,14.3478,14.9037,0.214,18.1981
2023-10-01 00:00:00,-0.4331,0.9076,354.8762,373.2335,4.9915,14.545,80.39,1024.4,1.85,3.85,369.75,387.75,-999,-999,-999,-999,-999,-999,12.3536,85.6416,85.86,85.4817,85.225,85.1116,14.7664,14.6858,14.7835,14.205,14.7595,0.3257,12.1834
2023-10-01 01:00:00,0.0266,0.9604,359.9213,373.8969,4.96,14.545,79.025,1024.1,2.25,3.85,374.65,388.25,-999,-999,-999,-999,-999,-999,12.3206,83.6634,83.8634,83.6984,83.2334,83.105,14.7245,14.6585,14.7164,14.171,14.7292,0.5292,23.5279
2023-10-01 02:00:00,0.2454,0.5542,370.2858,376.3234,4.9285,15.055,75.505,1023.8,2.3,3.25,385.05,391.0,-999,-999,-999,-999,-999,-999,12.288,78.0526,78.2022,78.112,77.5788,77.5505,15.2432,15.1688,15.2068,14.673,15.2338,0.649,11.7971
2023-10-01 03:00:00,0.128,0.2301,373.9958,376.8581,4.904,15.195,74.435,1023.65,2.2,2.95,388.75,391.65,-999,-999,-999,-999,-999,-999,12.2574,76.5657,76.7114,76.34,76.0676,76.0616,15.3645,15.2778,15.3813,14.7905,15.3465,0.8367,27.4802
2023-10-01 04:00:00,-0.0861,0.0762,373.4834,376.737,4.8745,15.005,75.43,1023.4,2.05,2.85,388.15,391.3,-999,-999,-999,-999,-999,-999,12.222,78.072,78.2398,77.7865,77.6287,77.6485,15.1807,15.0878,15.2243,14.6005,15.149,0.6338,20.6345
2023-10-01 05:00:00,0.3274,0.3365,375.819,378.0188,4.8385,15.32,75.375,1023.4,2.4,3.05,390.55,392.75,-999,-999,-999,-999,-999,-999,12.1872,77.9792,78.138,77.98,77.4965,77.449,15.4792,15.3953,15.4446,14.9113,15.4647,0.7301,44.863
2023-10-01 06:00:00,12.3382,2.9654,360.8948,377.0185,4.8265,15.345,75.93,1023.55,14.25,6.0,375.95,391.95,-999,-999,-999,-999,-999,-999,12.1638,78.7656,78.9558,78.3528,78.311,78.2909,15.5198,15.4408,15.573,14.9472,15.491,0.647,39.5278
2023-10-01 07:00:00,124.461,29.287,328.3026,377.4101,5.1885,16.18,74.375,1023.75,79.95,35.45,345.3,393.8,-999,-999,-999,-999,-999,-999,12.3125,79.001,79.1278,76.8326,78.1458,78.302,15.6815,15.6158,16.156,15.2035,15.6992,0.6546,34.9648
2023-10-01 08:00:00,275.9733,77.6896,327.6788,392.9336,5.22,17.865,70.775,1024.1,287.45,85.85,346.7,410.25,28.7144,90.75,16.795,0.784,16.655,174.6,13.2066,74.8095,75.2302,71.1582,74.2008,74.6779,17.0047,16.8622,17.8652,16.484,16.8787,0.7217,42.1256
2023-10-01 09:00:00,338.8979,88.9842,347.4853,405.3081,5.2285,19.365,69.3,1024.1,341.2,91.85,368.05,424.35,34.7886,126.5,18.28,0.7175,18.25,178.55,13.643,71.9064,72.313,68.302,71.3605,71.8128,18.5776,18.4186,19.466,18.0246,18.439,0.6829,52.1565
2023-10-01 10:00:00,395.6258,99.6942,365.3876,414.991,5.224,20.675,67.59,1024.05,387.1,100.25,385.7,434.25,37.5496,152.625,19.92,0.776,19.915,185.25,13.5084,68.2923,68.5622,65.5903,67.6862,67.9803,20.0726,19.9282,20.7646,19.5276,19.9682,0.7535,62.1383
2023-10-01 11:00:00,531.4804,136.4321,346.1432,421.5006,5.2265,22.015,65.12,1023.7,513.8,134.8,368.7,442.2,53.0112,184.25,21.24,1.065,21.245,176.8,13.3268,63.7784,64.0103,61.6332,63.1286,63.5747,21.4204,21.2534,21.999,20.8823,21.2826,1.0346,37.2794
2023-10-01 12:00:00,548.3482,139.1783,351.4022,427.2777,5.2275,23.14,63.605,1023.5,524.25,139.9,374.6,449.35,46.937,167.75,22.23,0.969,22.26,175.0,13.6366,61.584,61.772,59.4135,60.9394,61.2925,22.4267,22.2646,23.0508,21.8695,22.2945,0.9694,42.5015
2023-10-01 13:00:00,404.3829,100.9724,352.805,420.74,5.2315,23.315,63.045,1023.0,385.95,104.95,375.75,443.1,18.2226,170.5,22.73,0.8635,22.665,182.3,13.5933,59.37,59.4528,57.4832,58.696,59.0454,22.8433,22.6996,23.3878,22.2837,22.7177,0.942,58.1998
2023-10-01 14:00:00,377.9546,94.8042,350.923,419.3476,5.2335,23.39,61.18,1022.6,361.0,102.75,374.4,442.25,13.2528,136.125,23.08,0.9345,23.085,222.95,13.5765,55.1318,55.2172,52.8878,54.4105,54.7235,23.3291,23.1709,24.0406,22.791,23.2307,0.9844,111.0829
2023-10-01 15:00:00,260.0994,47.3166,348.9322,407.925,5.2495,23.405,60.99,1022.35,240.45,56.15,371.75,430.3,-6.0742,82.5,22.685,0.8345,22.685,228.0,13.3248,55.9693,56.103,53.2654,55.2455,55.5202,23.0532,22.8747,23.9054,22.5108,22.96,0.7562,129.688
2023-10-01 16:00:00,58.0009,12.1817,346.6064,395.4611,5.255,21.52,67.52,1022.1,59.45,17.4,366.55,415.1,-8.8352,17.875,21.415,0.226,21.47,202.35,12.8535,64.3128,64.4082,61.7034,63.667,63.8822,21.6245,21.5016,22.2958,21.0639,21.566,0.2354,63.6928
2023-10-01 17:00:00,15.8436,4.2432,341.6884,381.4487,5.242,18.9,76.21,1021.9,18.4,8.55,359.5,398.95,-1.1044,2.75,19.15,0.0315,19.325,180.35,12.7107,77.6407,77.835,75.4588,77.1719,77.3602,19.3212,19.2165,19.761,18.7488,19.224,0.0482,46.7129
2023-10-01 18:00:00,-1.0918,1.2418,338.4516,372.9128,5.1995,16.96,81.62,1021.8,2.05,5.2,355.1,388.85,1.6566,-2.75,17.575,0.0085,17.74,224.05,12.6208,84.9534,85.17,85.1695,84.611,84.614,17.7088,17.6388,17.585,17.1398,17.64,0.0424,101.765
2023-10-01 19:00:00,-0.3571,1.4771,343.2879,370.8762,5.161,15.705,85.485,1021.8,2.3,5.0,364.8,387.4,-1.1044,0.0,16.31,0.003,16.405,103.65,12.562,92.2267,92.74,92.86,91.9884,91.9684,16.3518,16.249,16.151,15.7845,16.2455,0.0154,29.5495
2023-10-01 20:00:00,-0.139,1.4813,356.5193,374.3498,5.1285,15.455,87.245,1021.55,2.3,4.75,377.45,389.95,-14.3572,8.25,16.115,0.1155,16.275,163.5,12.5158,93.7783,93.9917,95.5367,93.3534,93.1767,15.9958,15.9534,15.709,15.449,15.9653,0.1198,36.6032
2023-10-01 21:00:00,-0.6037,2.077,353.2908,374.4645,5.1005,16.285,83.395,1021.25,1.8,4.85,377.15,391.5,-4.9698,-1.375,16.865,0.176,17.015,164.5,12.4802,87.0284,87.2616,87.7766,86.5034,86.3617,16.9315,16.8698,16.7683,16.3992,16.9257,0.2142,38.5061
2023-10-01 22:00:00,-0.5634,1.8462,350.0028,369.5426,5.07,15.43,85.41,1021.2,2.0,5.05,375.05,387.8,1.6566,-2.75,16.125,0.028,16.25,201.75,12.4478,90.9683,91.35,91.5184,90.745,90.6,16.1285,16.054,15.9155,15.5446,16.0643,0.0325,146.4174
2023-10-01 23:00:00,-0.1082,1.6612,359.0602,373.2679,5.0385,15.41,86.475,1021.1,2.3,4.85,380.0,389.3,-1.1044,0.0,16.09,0.05,16.26,171.6,12.419,91.055,91.1866,93.545,90.53,90.375,16.0947,16.0562,15.6596,15.5587,16.0885,0.1208,60.791
2023-10-02 00:00:00,-0.4428,3.5359,362.7632,378.9016,5.007,16.77,81.445,1021.0,1.75,6.2,385.35,395.05,-999,-999,-999,-999,-999,-999,12.3922,84.955,85.1367,86.0134,84.42,84.2634,17.2067,17.1405,17.0075,16.6708,17.2077,0.421,6.9619
2023-10-02 01:00:00,-0.9848,1.5236,361.6698,378.5494,4.9735,16.24,83.305,1020.9,1.9,5.0,384.35,393.8,-999,-999,-999,-999,-999,-999,12.3672,88.6716,88.9484,88.4784,88.185,88.0117,16.6396,16.5567,16.6512,16.1,16.619,0.1398,180.3193
2023-10-02 02:00:00,-1.1708,1.4926,336.982,370.0376,4.9415,15.95,84.315,1020.5,1.55,4.9,362.9,385.7,-999,-999,-999,-999,-999,-999,12.3427,90.23,90.5434,89.9666,89.795,89.6266,16.4088,16.3289,16.4148,15.8632,16.3807,0.2109,3.0418
2023-10-02 03:00:00,-0.6624,1.4708,339.9635,367.5588,4.912,15.085,86.4,1020.3,1.85,4.85,367.6,384.3,-999,-999,-999,-999,-999,-999,12.3151,93.73,94.1966,93.535,93.4967,93.2867,15.5682,15.4754,15.4936,14.9854,15.5135,0.0812,27.7752
2023-10-02 04:00:00,-0.4324,1.5702,351.0338,370.385,4.885,14.76,87.49,1020.25,2.0,4.8,373.65,385.85,-999,-999,-999,-999,-999,-999,12.2873,94.51,94.7584,95.5134,94.135,93.9133,15.2608,15.2008,15.0265,14.7002,15.255,0.1108,163.9715
2023-10-02 05:00:00,-0.5834,1.2684,357.6169,372.8984,4.8565,14.945,86.88,1020.0,1.7,4.4,377.2,387.95,-999,-999,-999,-999,-999,-999,12.261,93.5,93.765,94.045,93.0634,92.7767,15.3455,15.2608,15.2338,14.7805,15.3408,0.3666,10.0644
2023-10-02 06:00:00,13.9462,5.7689,362.6509,374.6614,4.84,14.83,86.775,1020.25,17.1,8.85,380.3,388.95,-999,-999,-999,-999,-999,-999,12.251,94.0734,94.3683,94.4884,93.68,93.3484,15.0942,15.0184,15.0092,14.537,15.105,0.215,23.7396
2023-10-02 07:00:00,66.9436,21.7776,363.2498,382.9894,5.0405,15.92,84.17,1020.75,69.55,24.35,383.5,396.95,-999,-999,-999,-999,-999,-999,12.3915,91.2034,91.4333,91.3066,90.7283,90.4834,15.8844,15.8208,15.9442,15.3388,15.8629,0.1856,8.1845
2023-10-02 08:00:00,134.2363,38.5928,359.834,395.9728,5.2405,17.585,80.625,1021.1,139.6,42.2,380.55,410.7,-999,-999,18.22,0.185,18.38,304.0,12.7115,87.3584,87.72,86.3284,86.9783,86.81,17.3444,17.2452,17.654,16.7832,17.3007,0.1624,23.2529
2023-10-02 09:00:00,269.0567,70.066,361.4485,409.24,5.235,19.59,76.5,1021.15,262.05,71.05,380.45,427.45,16.566,60.5,18.92,0.4775,18.97,230.3,13.366,82.3587,82.914,79.7998,81.7845,81.8655,19.1339,18.997,19.722,18.6014,19.0763,0.4582,116.6597
2023-10-02 10:00:00,359.6758,91.7422,358.742,418.2988,5.229,21.08,73.455,1020.75,351.7,91.9,380.65,439.35,34.7886,94.875,20.065,0.637,20.045,181.75,13.5512,78.9627,79.5254,74.1007,78.4986,78.6498,20.4462,20.267,21.584,19.9005,20.3318,0.5788,67.3736
2023-10-02 11:00:00,435.013,110.8842,361.2979,423.3494,5.2295,21.88,72.095,1020.7,420.7,110.6,383.15,444.5,43.0716,134.75,20.83,0.848,20.85,183.8,13.6248,76.667,77.1062,73.4906,76.1377,76.3534,21.2311,21.0671,21.9812,20.6867,21.1187,0.733,54.7273
